0	4	4221
0	7	3288
0	8	4371
0	9	3469
0	15	5052
0	17	4592
0	19	1472
0	1	3399
0	2	2412
0	3	3018
0	5	6259
0	6	4764
0	10	4802
0	11	5400
0	12	4049
0	13	4652
0	14	4041
0	16	2813
0	18	4901
1	2	2747
1	3	1750
1	10	2955
1	12	2909
1	16	1393
1	19	3296
1	4	7343
1	5	7578
1	6	4099
1	7	4655
1	8	7740
1	9	6837
1	11	6134
1	13	5471
1	14	5941
1	15	8255
1	17	5938
1	18	4896
2	3	1204
2	6	2364
2	13	2863
2	14	3204
2	16	1389
2	18	2675
2	19	3496
2	4	6521
2	5	8469
2	7	5389
2	8	5864
2	9	5502
2	10	5402
2	11	7380
2	12	4998
2	15	7273
2	17	6760
3	6	2462
3	13	3729
3	16	425
3	18	3168
3	19	3671
3	4	7239
3	5	8519
3	7	5440
3	8	6935
3	9	6390
3	10	4641
3	11	7254
3	12	4420
3	14	4359
3	15	8061
3	17	6811
4	7	3872
4	8	3038
4	9	1537
4	15	959
4	5	4781
4	6	8752
4	10	7454
4	11	5169
4	12	6512
4	13	7948
4	14	6581
4	16	7020
4	17	4013
4	18	8618
4	19	4105
5	7	3091
5	11	1645
5	17	1714
5	6	10796
5	8	7704
5	9	6026
5	10	5792
5	12	5085
5	13	10908
5	14	10074
5	15	5391
5	16	8130
5	18	11107
5	19	4973
6	13	2173
6	14	3657
6	16	2887
6	18	1036
6	7	7706
6	8	7595
6	9	7585
6	10	7051
6	11	9630
6	12	6881
6	15	9433
6	17	9083
6	19	5834
7	10	3722
7	11	2123
7	12	2797
7	17	1377
7	19	1903
7	8	5989
7	9	4380
7	13	7923
7	14	7277
7	15	4806
7	16	5060
7	18	8043
8	9	1692
8	15	2939
8	10	8913
8	11	7776
8	12	8036
8	13	6144
8	14	4479
8	16	6890
8	17	6628
8	18	7123
8	19	5202
9	15	1892
9	19	3898
9	10	7559
9	11	6095
9	12	6645
9	13	6564
9	14	5111
9	16	6246
9	17	4941
9	18	7334
10	12	943
10	19	3710
10	11	4155
10	13	8254
10	14	8395
10	15	8412
10	16	4235
10	17	4505
10	18	7809
11	12	3489
11	17	1163
11	19	3970
11	13	10008
11	14	9401
11	15	5969
11	16	6845
11	18	10054
12	16	3997
12	17	3676
12	19	2843
12	13	7859
12	14	7826
12	15	7469
12	18	7544
13	14	1733
13	18	1227
13	15	8457
13	16	4081
13	17	9244
13	19	6038
14	18	2883
14	15	6978
14	16	4593
14	17	8497
14	19	5513
15	16	7865
15	17	4832
15	18	9218
15	19	5045
16	18	3575
16	19	3331
16	17	6426
17	19	3266
17	18	9406
18	19	6141
